73 6F 68 0A 0D 40 0D 0D 0A 50 6F 77 65 72 20 20 20 31 0D 0D 0A 42 61 74 74 65 72 79 20 20 20 20
56 6F 6C 74 61 67 65 20 20 20 20 53 4F 48 43 6F 75 6E 74 20 20 20 53 4F 48 53 74 61 74 75 73 20
0D 0D 0A 30 20 20 20 20 20 20 20 20 20 20 33 32 31 38 20 20 20 20 20 20 20 30 20 20 20 20 20 20
20 20 20 20 4E 6F 72 6D 61 6C 20 20 20 20 0D 0D 0A 31 20 20 20 20 20 20 20 20 20 20 33 32 31 36
20 20 20 20 20 20 20 30 20 20 20 20 20 20 20 20 20 20 4E 6F 72 6D 61 6C 20 20 20 20 0D 0D 0A 32
20 20 20 20 20 20 20 20 20 20 33 32 31 38 20 20 20 20 20 20 20 30 20 20 20 20 20 20 20 20 20 20
4E 6F 72 6D 61 6C 20 20 20 20 0D 0D 0A 33 20 20 20 20 20 20 20 20 20 20 33 32 31 36 20 20 20 20
20 20 20 30 20 20 20 20 20 20 20 20 20 20 4E 6F 72 6D 61 6C 20 20 20 20 0D 0D 0A 34 20 20 20 20
20 20 20 20 20 20 33 32 31 37 20 20 20 20 20 20 20 30 20 20 20 20 20 20 20 20 20 20 4E 6F 72 6D
61 6C 20 20 20 20 0D 0D 0A 35 20 20 20 20 20 20 20 20 20 20 33 32 31 37 20 20 20 20 20 20 20 30
20 20 20 20 20 20 20 20 20 20 4E 6F 72 6D 61 6C 20 20 20 20 0D 0D 0A 36 20 20 20 20 20 20 20 20
20 20 33 32 31 36 20 20 20 20 20 20 20 30 20 20 20 20 20 20 20 20 20 20 4E 6F 72 6D 61 6C 20 20
20 20 0D 0D 0A 37 20 20 20 20 20 20 20 20 20 20 33 32 31 36 20 20 20 20 20 20 20 30 20 20 20 20
20 20 20 20 20 20 4E 6F 72 6D 61 6C 20 20 20 20 0D 0D 0A 38 20 20 20 20 20 20 20 20 20 20 33 32
31 38 20 20 20 20 20 20 20 30 20 20 20 20 20 20 20 20 20 20 4E 6F 72 6D 61 6C 20 20 20 20 0D 0D
0A 39 20 20 20 20 20 20 20 20 20 20 33 32 31 37 20 20 20 20 20 20 20 30 20 20 20 20 20 20 20 20
20 20 4E 6F 72 6D 61 6C 20 20 20 20 0D 0D 0A 31 30 20 20 20 20 20 20 20 20 20 33 32 31 38 20 20
20 20 20 20 20 30 20 20 20 20 20 20 20 20 20 20 4E 6F 72 6D 61 6C 20 20 20 20 0D 0D 0A 31 31 20
20 20 20 20 20 20 20 20 33 32 31 38 20 20 20 20 20 20 20 30 20 20 20 20 20 20 20 20 20 20 4E 6F
72 6D 61 6C 20 20 20 20 0D 0D 0A 31 32 20 20 20 20 20 20 20 20 20 33 32 31 37 20 20 20 20 20 20
20 30 20 20 20 20 20 20 20 20 20 20 4E 6F 72 6D 61 6C 20 20 20 20 0D 0D 0A 31 33 20 20 20 20 20
20 20 20 20 33 32 31 38 20 20 20 20 20 20 20 30 20 20 20 20 20 20 20 20 20 20 4E 6F 72 6D 61 6C
20 20 20 20 0D 0D 0A 31 34 20 20 20 20 20 20 20 20 20 33 32 31 37 20 20 20 20 20 20 20 30 20 20
20 20 20 20 20 20 20 20 4E 6F 72 6D 61 6C 20 20 20 20 0D 0A 0D 43 6F 6D 6D 61 6E 64 20 63 6F 6D
70 6C 65 74 65 64 20 73 75 63 63 65 73 73 66 75 6C 6C 79 0D 0A 0D 24 24 0D 0A 0D 70 79 6C 6F 6E
3E
