70 77 72 0A 0D 40 0D 0D 0A 50 6F 77 65 72 20 56 6F 6C 74 20 20 20 43 75 72 72 20 20 20 54 65 6D
70 72 20 20 54 6C 6F 77 20 20 20 54 68 69 67 68 20 20 56 6C 6F 77 20 20 20 56 68 69 67 68 20 20
42 61 73 65 2E 53 74 20 20 56 6F 6C 74 2E 53 74 20 20 43 75 72 72 2E 53 74 20 20 54 65 6D 70 2E
53 74 20 20 43 6F 75 6C 6F 6D 62 20 20 54 69 6D 65 20 20 20 20 20 20 20 20 20 20 20 20 20 20 20
20 20 42 2E 56 2E 53 74 20 20 20 42 2E 54 2E 53 74 20 20 20 4D 6F 73 54 65 6D 70 72 20 4D 2E 54
2E 53 74 20 20 0D 0D 0A 31 20 20 20 20 20 34 38 32 35 37 20 20 2D 35 33 37 20 20 20 32 35 31 30
30 20 20 32 31 34 30 30 20 20 32 31 38 30 30 20 20 33 32 31 36 20 20 20 33 32 31 38 20 20 20 44
69 73 63 68 67 20 20 20 4E 6F 72 6D 61 6C 20 20 20 4E 6F 72 6D 61 6C 20 20 20 4E 6F 72 6D 61 6C
20 20 20 31 36 25 20 20 20 20 20 20 32 30 32 35 2D 31 31 2D 30 33 20 31 36 3A 34 32 3A 34 34 20
20 4E 6F 72 6D 61 6C 20 20 20 4E 6F 72 6D 61 6C 20 20 32 33 34 30 30 20 20 20 20 4E 6F 72 6D 61
6C 20 20 0D 0D 0A 32 20 20 20 20 20 2D 20 20 20 20 20 20 2D 20 20 20 20 20 20 2D 20 20 20 20 20
20 2D 20 20 20 20 20 20 2D 20 20 20 20 20 20 2D 20 20 20 20 20 20 2D 20 20 20 20 20 20 41 62 73
65 6E 74 20 20 20 2D 20 20 20 20 20 20 20 20 2D 20 20 20 20 20 20 20 20 2D 20 20 20 20 20 20 20
20 2D 20 20 20 20 20 20 20 20 2D 20 20 20 20 20 20 20 20 20 20 20 20 20 20 20 20 20 20 20 20 2D
20 20 20 20 20 20 20 20 2D 20 20 20 20 20 20 20 0D 0D 0A 33 20 20 20 20 20 2D 20 20 20 20 20 20
2D 20 20 20 20 20 20 2D 20 20 20 20 20 20 2D 20 20 20 20 20 20 2D 20 20 20 20 20 20 2D 20 20 20
20 20 20 2D 20 20 20 20 20 20 41 62 73 65 6E 74 20 20 20 2D 20 20 20 20 20 20 20 20 2D 20 20 20
20 20 20 20 20 2D 20 20 20 20 20 20 20 20 2D 20 20 20 20 20 20 20 20 2D 20 20 20 20 20 20 20 20
20 20 20 20 20 20 20 20 20 20 20 20 2D 20 20 20 20 20 20 20 20 2D 20 20 20 20 20 20 20 0D 0D 0A
34 20 20 20 20 20 2D 20 20 20 20 20 20 2D 20 20 20 20 20 20 2D 20 20 20 20 20 20 2D 20 20 20 20
20 20 2D 20 20 20 20 20 20 2D 20 20 20 20 20 20 2D 20 20 20 20 20 20 41 62 73 65 6E 74 20 20 20
2D 20 20 20 20 20 20 20 20 2D 20 20 20 20 20 20 20 20 2D 20 20 20 20 20 20 20 20 2D 20 20 20 20
20 20 20 20 2D 20 20 20 20 20 20 20 20 20 20 20 20 20 20 20 20 20 20 20 20 2D 20 20 20 20 20 20
20 20 2D 20 20 20 20 20 20 20 0D 0D 0A 35 20 20 20 20 20 2D 20 20 20 20 20 20 2D 20 20 20 20 20
20 2D 20 20 20 20 20 20 2D 20 20 20 20 20 20 2D 20 20 20 20 20 20 2D 20 20 20 20 20 20 2D 20 20
20 20 20 20 41 62 73 65 6E 74 20 20 20 2D 20 20 20 20 20 20 20 20 2D 20 20 20 20 20 20 20 20 2D
20 20 20 20 20 20 20 20 2D 20 20 20 20 20 20 20 20 2D 20 20 20 20 20 20 20 20 20 20 20 20 20 20
20 20 20 20 20 20 2D 20 20 20 20 20 20 20 20 2D 20 20 20 20 20 20 20 0D 0D 0A 36 20 20 20 20 20
2D 20 20 20 20 20 20 2D 20 20 20 20 20 20 2D 20 20 20 20 20 20 2D 20 20 20 20 20 20 2D 20 20 20
20 20 20 2D 20 20 20 20 20 20 2D 20 20 20 20 20 20 41 62 73 65 6E 74 20 20 20 2D 20 20 20 20 20
20 20 20 2D 20 20 20 20 20 20 20 20 2D 20 20 20 20 20 20 20 20 2D 20 20 20 20 20 20 20 20 2D 20
20 20 20 20 20 20 20 20 20 20 20 20 20 20 20 20 20 20 20 2D 20 20 20 20 20 20 20 20 2D 20 20 20
20 20 20 20 0D 0D 0A 37 20 20 20 20 20 2D 20 20 20 20 20 20 2D 20 20 20 20 20 20 2D 20 20 20 20
20 20 2D 20 20 20 20 20 20 2D 20 20 20 20 20 20 2D 20 20 20 20 20 20 2D 20 20 20 20 20 20 41 62
73 65 6E 74 20 20 20 2D 20 20 20 20 20 20 20 20 2D 20 20 20 20 20 20 20 20 2D 20 20 20 20 20 20
20 20 2D 20 20 20 20 20 20 20 20 2D 20 20 20 20 20 20 20 20 20 20 20 20 20 20 20 20 20 20 20 20
2D 20 20 20 20 20 20 20 20 2D 20 20 20 20 20 20 20 0D 0D 0A 38 20 20 20 20 20 2D 20 20 20 20 20
20 2D 20 20 20 20 20 20 2D 20 20 20 20 20 20 2D 20 20 20 20 20 20 2D 20 20 20 20 20 20 2D 20 20
20 20 20 20 2D 20 20 20 20 20 20 41 62 73 65 6E 74 20 20 20 2D 20 20 20 20 20 20 20 20 2D 20 20
20 20 20 20 20 20 2D 20 20 20 20 20 20 20 20 2D 20 20 20 20 20 20 20 20 2D 20 20 20 20 20 20 20
20 20 20 20 20 20 20 20 20 20 20 20 20 2D 20 20 20 20 20 20 20 20 2D 20 20 20 20 20 20 20 0D 0D
0A 39 20 20 20 20 20 2D 20 20 20 20 20 20 2D 20 20 20 20 20 20 2D 20 20 20 20 20 20 2D 20 20 20
20 20 20 2D 20 20 20 20 20 20 2D 20 20 20 20 20 20 2D 20 20 20 20 20 20 41 62 73 65 6E 74 20 20
20 2D 20 20 20 20 20 20 20 20 2D 20 20 20 20 20 20 20 20 2D 20 20 20 20 20 20 20 20 2D 20 20 20
20 20 20 20 20 2D 20 20 20 20 20 20 20 20 20 20 20 20 20 20 20 20 20 20 20 20 2D 20 20 20 20 20
20 20 20 2D 20 20 20 20 20 20 20 0D 0D 0A 31 30 20 20 20 20 2D 20 20 20 20 20 20 2D 20 20 20 20
20 20 2D 20 20 20 20 20 20 2D 20 20 20 20 20 20 2D 20 20 20 20 20 20 2D 20 20 20 20 20 20 2D 20
20 20 20 20 20 41 62 73 65 6E 74 20 20 20 2D 20 20 20 20 20 20 20 20 2D 20 20 20 20 20 20 20 20
2D 20 20 20 20 20 20 20 20 2D 20 20 20 20 20 20 20 20 2D 20 20 20 20 20 20 20 20 20 20 20 20 20
20 20 20 20 20 20 20 2D 20 20 20 20 20 20 20 20 2D 20 20 20 20 20 20 20 0D 0D 0A 31 31 20 20 20
20 2D 20 20 20 20 20 20 2D 20 20 20 20 20 20 2D 20 20 20 20 20 20 2D 20 20 20 20 20 20 2D 20 20
20 20 20 20 2D 20 20 20 20 20 20 2D 20 20 20 20 20 20 41 62 73 65 6E 74 20 20 20 2D 20 20 20 20
20 20 20 20 2D 20 20 20 20 20 20 20 20 2D 20 20 20 20 20 20 20 20 2D 20 20 20 20 20 20 20 20 2D
20 20 20 20 20 20 20 20 20 20 20 20 20 20 20 20 20 20 20 20 2D 20 20 20 20 20 20 20 20 2D 20 20
20 20 20 20 20 0D 0D 0A 31 32 20 20 20 20 2D 20 20 20 20 20 20 2D 20 20 20 20 20 20 2D 20 20 20
20 20 20 2D 20 20 20 20 20 20 2D 20 20 20 20 20 20 2D 20 20 20 20 20 20 2D 20 20 20 20 20 20 41
62 73 65 6E 74 20 20 20 2D 20 20 20 20 20 20 20 20 2D 20 20 20 20 20 20 20 20 2D 20 20 20 20 20
20 20 20 2D 20 20 20 20 20 20 20 20 2D 20 20 20 20 20 20 20 20 20 20 20 20 20 20 20 20 20 20 20
20 2D 20 20 20 20 20 20 20 20 2D 20 20 20 20 20 20 20 0D 0D 0A 31 33 20 20 20 20 2D 20 20 20 20
20 20 2D 20 20 20 20 20 20 2D 20 20 20 20 20 20 2D 20 20 20 20 20 20 2D 20 20 20 20 20 20 2D 20
20 20 20 20 20 2D 20 20 20 20 20 20 41 62 73 65 6E 74 20 20 20 2D 20 20 20 20 20 20 20 20 2D 20
20 20 20 20 20 20 20 2D 20 20 20 20 20 20 20 20 2D 20 20 20 20 20 20 20 20 2D 20 20 20 20 20 20
20 20 20 20 20 20 20 20 20 20 20 20 20 20 2D 20 20 20 20 20 20 20 20 2D 20 20 20 20 20 20 20 0D
0D 0A 31 34 20 20 20 20 2D 20 20 20 20 20 20 2D 20 20 20 20 20 20 2D 20 20 20 20 20 20 2D 20 20
20 20 20 20 2D 20 20 20 20 20 20 2D 20 20 20 20 20 20 2D 20 20 20 20 20 20 41 62 73 65 6E 74 20
20 20 2D 20 20 20 20 20 20 20 20 2D 20 20 20 20 20 20 20 20 2D 20 20 20 20 20 20 20 20 2D 20 20
20 20 20 20 20 20 2D 20 20 20 20 20 20 20 20 20 20 20 20 20 20 20 20 20 20 20 20 2D 20 20 20 20
20 20 20 20 2D 20 20 20 20 20 20 20 0D 0D 0A 31 35 20 20 20 20 2D 20 20 20 20 20 20 2D 20 20 20
20 20 20 2D 20 20 20 20 20 20 2D 20 20 20 20 20 20 2D 20 20 20 20 20 20 2D 20 20 20 20 20 20 2D
20 20 20 20 20 20 41 62 73 65 6E 74 20 20 20 2D 20 20 20 20 20 20 20 20 2D 20 20 20 20 20 20 20
20 2D 20 20 20 20 20 20 20 20 2D 20 20 20 20 20 20 20 20 2D 20 20 20 20 20 20 20 20 20 20 20 20
20 20 20 20 20 20 20 20 2D 20 20 20 20 20 20 20 20 2D 20 20 20 20 20 20 20 0D 0D 0A 31 36 20 20
20 20 2D 20 20 20 20 20 20 2D 20 20 20 20 20 20 2D 20 20 20 20 20 20 2D 20 20 20 20 20 20 2D 20
20 20 20 20 20 2D 20 20 20 20 20 20 2D 20 20 20 20 20 20 41 62 73 65 6E 74 20 20 20 2D 20 20 20
20 20 20 20 20 2D 20 20 20 20 20 20 20 20 2D 20 20 20 20 20 20 20 20 2D 20 20 20 20 20 20 20 20
2D 20 20 20 20 20 20 20 20 20 20 20 20 20 20 20 20 20 20 20 20 2D 20 20 20 20 20 20 20 20 2D 20
20 20 20 20 20 20 0D 0A 0D 43 6F 6D 6D 61 6E 64 20 63 6F 6D 70 6C 65 74 65 64 20 73 75 63 63 65
73 73 66 75 6C 6C 79 0D 0A 0D 24 24 0D 0A 0D 70 79 6C 6F 6E 3E 0A 0D 70 79 6C 6F 6E 3E
